              precision    recall  f1-score   support

     class_0     0.9647    0.8669    0.9132      2051
     class_1     0.6768    0.9306    0.7836        72
     class_2     0.7320    1.0000    0.8452        71
     class_3     0.6486    1.0000    0.7869        72
     class_4     0.7634    0.9861    0.8606        72
     class_5     0.6932    0.8472    0.7625        72
     class_6     0.6867    0.8636    0.7651        66
     class_7     0.7375    0.8676    0.7973        68
     class_8     0.7973    0.8676    0.8310        68
     class_9     0.6765    0.9718    0.7977        71
    class_10     0.7952    0.9167    0.8516        72
    class_11     0.8272    0.9437    0.8816        71
    class_12     0.7500    0.5000    0.6000        24

    accuracy                         0.8804      2850
   macro avg     0.7499    0.8894    0.8059      2850
weighted avg     0.8992    0.8804    0.8839      2850
